Rank D1size D1assoc D1line_size (D1mr+D1mw) Ir Dr Dw DLmr DLmw
1. 256KB 64 256 9.325083 35,099.689 10,763.684 7,561.877 0.153 0.122
2. 256KB 32 256 9.327129 35,088.406 10,760.298 7,559.505 0.153 0.122
3. 256KB 16 256 9.351223 35,102.112 10,764.389 7,562.354 0.153 0.122
4. 256KB 8 256 9.355192 35,090.197 10,760.776 7,559.717 0.153 0.122
5. 256KB 4 256 9.415154 35,153.073 10,770.093 7,568.849 0.154 0.122
6. 256KB 2 256 9.895987 35,098.104 10,763.080 7,561.339 0.154 0.122
7. 256KB 16 128 10.884544 35,088.222 10,760.184 7,559.172 0.150 0.239
8. 256KB 32 128 10.88712 35,094.301 10,762.010 7,560.611 0.150 0.239
9. 256KB 8 128 10.888805 35,099.705 10,763.736 7,561.993 0.151 0.239
10. 256KB 64 128 10.889439 35,094.868 10,762.133 7,560.674 0.151 0.239
11. 256KB 4 128 10.909252 35,094.052 10,762.046 7,560.817 0.151 0.239
12. 256KB 2 128 11.400754 35,089.720 10,760.694 7,559.796 0.152 0.239
13. 256KB 8 64 13.78653 34,861.593 10,654.890 7,518.928 0.153 0.408
14. 256KB 4 64 14.130088 35,093.618 10,761.722 7,560.214 0.152 0.408
15. 256KB 16 64 14.159658 35,091.580 10,761.130 7,559.948 0.151 0.408
16. 256KB 32 64 14.164117 35,197.560 10,773.127 7,574.039 0.153 0.404
17. 256KB 64 64 14.180283 35,097.684 10,762.864 7,561.086 0.153 0.407
18. 256KB 2 64 14.516622 35,090.349 10,760.783 7,559.631 0.152 0.408
19. 128KB 64 256 18.057938 35,097.967 10,763.033 7,561.228 0.155 0.123
20. 128KB 32 256 18.066308 35,090.177 10,760.777 7,559.772 0.156 0.123
21. 128KB 16 256 18.07104 35,090.727 10,760.924 7,559.827 0.156 0.123
22. 128KB 8 256 18.107341 35,103.165 10,764.945 7,563.044 0.156 0.123
23. 128KB 4 256 18.381186 35,111.495 10,767.601 7,565.162 0.156 0.123
24. 128KB 32 128 19.73361 35,147.950 10,767.732 7,567.853 0.152 0.236
25. 128KB 64 128 19.740187 35,086.806 10,759.767 7,559.050 0.153 0.241
26. 128KB 16 128 19.753102 35,089.041 10,760.330 7,559.399 0.153 0.240
27. 128KB 8 128 19.766702 35,189.607 10,775.337 7,576.323 0.152 0.238
28. 128KB 4 128 19.837047 35,114.592 10,768.390 7,565.698 0.153 0.241
29. 256KB 2 32 19.929055 35,097.085 10,762.734 7,560.981 0.152 0.408
30. 256KB 4 32 19.992138 35,097.617 10,762.892 7,561.028 0.152 0.408
31. 256KB 8 32 20.083408 35,093.794 10,761.957 7,560.732 0.152 0.408
32. 256KB 16 32 20.134261 35,088.521 10,760.281 7,559.330 0.152 0.408
33. 256KB 32 32 20.166025 35,098.567 10,763.369 7,561.729 0.156 0.408
34. 256KB 64 32 20.18457 35,093.116 10,761.637 7,560.342 0.154 0.408
35. 128KB 2 128 20.813598 35,097.891 10,762.957 7,561.206 0.153 0.241
36. 128KB 2 256 21.350591 35,096.346 10,762.494 7,560.866 0.157 0.124
37. 128KB 8 64 22.882154 34,857.843 10,653.726 7,518.102 0.152 0.408
38. 128KB 64 64 23.395979 35,087.071 10,759.874 7,559.100 0.151 0.408
39. 128KB 32 64 23.397198 35,088.467 10,760.284 7,559.397 0.152 0.408
40. 128KB 16 64 23.400121 35,108.179 10,766.388 7,564.056 0.152 0.407
41. 128KB 4 64 23.424392 35,114.348 10,768.408 7,565.583 0.152 0.407
42. 64KB 64 256 23.506086 35,093.071 10,761.603 7,560.323 0.159 0.123
43. 64KB 32 256 23.540262 35,087.865 10,760.067 7,559.261 0.158 0.124
44. 64KB 16 256 23.616826 35,098.951 10,763.240 7,561.326 0.158 0.124
45. 128KB 2 64 24.280633 35,104.897 10,765.066 7,562.654 0.155 0.408
46. 64KB 8 256 24.291917 35,095.736 10,762.341 7,560.708 0.158 0.124
47. 64KB 32 128 25.116979 35,158.354 10,769.499 7,570.329 0.154 0.237
48. 64KB 64 128 25.119773 35,098.649 10,763.270 7,561.414 0.156 0.241
49. 64KB 16 128 25.18734 35,101.451 10,763.912 7,561.815 0.145 0.240
50. 64KB 8 128 25.300614 35,091.569 10,761.103 7,560.022 0.155 0.241
51. 64KB 4 128 26.409616 35,088.723 10,760.432 7,559.610 0.155 0.241
52. 64KB 4 256 27.452464 35,094.540 10,762.020 7,560.481 0.158 0.124
53. 64KB 8 64 28.38091 34,861.061 10,654.779 7,518.874 0.153 0.408
54. 64KB 64 64 28.797405 35,094.637 10,762.115 7,560.745 0.156 0.408
55. 64KB 32 64 28.80974 35,085.138 10,759.276 7,558.714 0.152 0.408
56. 64KB 16 64 28.84539 35,097.068 10,762.740 7,561.078 0.156 0.407
57. 64KB 4 64 29.375826 35,092.855 10,761.582 7,560.343 0.152 0.408
58. 128KB 4 32 30.120802 35,089.837 10,760.621 7,559.634 0.152 0.408
59. 128KB 8 32 30.121915 35,105.673 10,765.831 7,563.955 0.153 0.408
60. 128KB 16 32 30.156512 35,114.469 10,768.251 7,565.298 0.152 0.408
61. 128KB 64 32 30.159282 35,086.927 10,759.832 7,559.108 0.152 0.408
62. 128KB 32 32 30.162298 35,099.280 10,763.388 7,561.504 0.152 0.407
63. 128KB 2 32 30.613514 35,098.247 10,763.196 7,561.470 0.156 0.408
64. 32KB 64 128 31.722927 35,086.380 10,759.652 7,558.940 0.157 0.242
65. 32KB 32 128 32.017102 35,096.013 10,762.486 7,560.873 0.157 0.242
66. 64KB 2 64 32.03607 35,095.397 10,762.287 7,560.672 0.152 0.408
67. 32KB 16 128 33.080118 35,095.984 10,762.594 7,561.156 0.156 0.242
68. 32KB 64 64 33.51496 34,953.813 10,667.784 7,533.926 0.152 0.407
69. 32KB 32 64 33.625237 34,865.203 10,656.160 7,519.881 0.154 0.407
70. 32KB 16 64 34.104169 34,863.686 10,655.744 7,519.713 0.152 0.408
71. 64KB 2 128 34.503294 35,090.491 10,760.884 7,559.818 0.155 0.243
72. 32KB 8 64 35.213891 34,854.778 10,653.502 7,517.914 0.152 0.408
73. 64KB 64 32 35.757182 35,177.382 10,770.586 7,572.085 0.151 0.407
74. 64KB 32 32 35.8023 35,092.793 10,761.494 7,560.216 0.152 0.408
75. 64KB 16 32 35.8114 35,092.885 10,761.450 7,560.127 0.152 0.408
76. 64KB 8 32 35.841899 35,092.867 10,761.505 7,560.069 0.152 0.408
77. 32KB 8 128 35.883356 34,865.949 10,656.300 7,520.063 0.157 0.242
78. 64KB 4 32 36.11193 35,092.672 10,761.457 7,560.157 0.152 0.408
79. 64KB 2 32 38.608885 35,206.204 10,776.834 7,578.086 0.152 0.406
80. 32KB 8 32 40.450797 34,868.578 10,657.056 7,520.570 0.152 0.407
81. 32KB 64 32 40.558458 35,092.968 10,761.494 7,560.132 0.152 0.408
82. 32KB 32 32 40.633177 35,087.590 10,760.040 7,559.220 0.152 0.408
83. 32KB 16 32 40.823785 35,091.685 10,761.186 7,559.956 0.153 0.408
84. 32KB 64 256 42.278406 35,088.444 10,760.264 7,559.300 0.160 0.125
85. 32KB 4 128 42.279069 35,082.974 10,758.693 7,558.316 0.156 0.243
86. 32KB 32 256 42.576831 35,093.971 10,761.878 7,560.440 0.160 0.125
87. 32KB 4 32 43.1306 35,096.091 10,762.604 7,561.052 0.153 0.408
88. 32KB 16 256 43.692047 35,126.512 10,765.937 7,563.865 0.161 0.122
89. 32KB 4 64 44.386314 34,864.216 10,655.596 7,519.390 0.151 0.408
90. 64KB 2 256 45.766907 35,098.242 10,763.143 7,561.282 0.159 0.128
91. 32KB 8 256 47.807293 34,859.252 10,654.464 7,518.635 0.161 0.125
92. 32KB 2 32 49.880573 35,097.734 10,763.015 7,561.239 0.152 0.408
93. 32KB 2 64 55.255257 34,944.331 10,664.942 7,531.122 0.152 0.406
94. 32KB 4 256 56.267526 35,119.864 10,763.999 7,562.627 0.161 0.128
95. 32KB 2 128 58.535713 35,152.044 10,770.230 7,569.397 0.155 0.241
96. 16KB 64 32 63.34128 35,096.784 10,762.739 7,560.930 0.152 0.408
97. 16KB 32 32 63.645419 35,096.426 10,762.497 7,560.851 0.153 0.408
98. 16KB 16 32 64.24933 35,088.705 10,760.179 7,559.158 0.152 0.408
99. 16KB 64 64 65.316432 35,080.440 10,757.934 7,557.774 0.152 0.408
100. 16KB 32 64 66.419623 35,091.546 10,761.145 7,559.945 0.152 0.408
101. 16KB 8 32 66.563641 35,092.477 10,761.423 7,560.115 0.151 0.408
102. 16KB 16 64 68.17054 35,093.073 10,761.571 7,560.158 0.152 0.408
103. 16KB 8 64 71.752601 34,858.333 10,654.069 7,518.509 0.152 0.407
104. 16KB 4 32 71.826151 35,092.850 10,761.621 7,560.342 0.152 0.408
105. 16KB 4 64 78.991882 35,091.732 10,761.219 7,559.949 0.152 0.408
106. 32KB 2 256 80.979751 35,123.962 10,765.287 7,563.498 0.163 0.134
107. 16KB 32 128 84.705332 35,087.044 10,759.964 7,559.232 0.158 0.243
108. 16KB 64 128 85.25301 35,080.958 10,758.107 7,557.994 0.158 0.242
109. 16KB 16 128 85.576601 35,096.780 10,762.663 7,560.934 0.158 0.243
110. 16KB 8 128 88.231731 35,095.192 10,762.255 7,560.725 0.158 0.244
111. 16KB 64 256 104.439915 35,083.777 10,758.946 7,558.575 0.163 0.126
112. 16KB 32 256 106.008653 35,096.003 10,762.442 7,560.805 0.162 0.142
113. 16KB 4 128 106.015276 35,092.084 10,761.301 7,560.067 0.155 0.248
114. 16KB 16 256 107.562522 35,095.689 10,762.428 7,560.952 0.158 0.143
115. 16KB 8 256 112.137139 35,092.439 10,761.389 7,560.120 0.157 0.150
116. 16KB 2 32 112.545771 35,101.010 10,764.130 7,562.179 0.153 0.408
117. 8KB 32 32 124.684205 35,095.499 10,762.334 7,560.728 0.152 0.408
118. 8KB 64 32 125.186875 35,089.443 10,760.561 7,559.536 0.152 0.408
119. 8KB 16 32 127.046093 35,148.486 10,768.613 7,567.494 0.153 0.406
120. 8KB 8 32 129.541071 35,083.047 10,758.746 7,558.480 0.152 0.408
121. 16KB 2 64 133.942223 35,086.491 10,759.644 7,558.902 0.152 0.408
122. 8KB 64 64 136.848074 35,089.367 10,760.621 7,559.630 0.154 0.408
123. 8KB 32 64 137.733016 35,096.057 10,762.496 7,560.852 0.152 0.408
124. 16KB 4 256 138.468866 35,089.073 10,760.412 7,559.385 0.160 0.149
125. 8KB 16 64 141.906295 35,086.302 10,759.615 7,558.884 0.152 0.408
126. 8KB 8 64 145.485963 34,859.714 10,654.552 7,518.689 0.153 0.407
127. 8KB 4 32 147.268745 35,082.538 10,758.470 7,558.148 0.152 0.408
128. 16KB 2 128 164.589855 35,087.893 10,760.098 7,559.226 0.156 0.254
129. 8KB 64 128 170.695905 35,179.281 10,772.638 7,572.918 0.144 0.260
130. 8KB 4 64 171.828569 35,096.275 10,762.536 7,560.916 0.152 0.408
131. 8KB 32 128 172.876123 35,207.808 10,774.143 7,575.830 0.146 0.265
132. 8KB 16 128 177.342839 35,149.999 10,768.308 7,567.222 0.147 0.261
133. 8KB 8 128 177.729986 35,083.108 10,758.753 7,558.454 0.149 0.265
134. 8KB 2 32 207.325588 35,103.342 10,764.715 7,562.409 0.152 0.408
135. 8KB 4 128 232.227518 35,092.676 10,761.570 7,560.283 0.149 0.266
136. 8KB 2 64 240.641097 35,099.809 10,763.679 7,561.773 0.152 0.408
137. 8KB 32 256 260.431209 35,098.002 10,763.092 7,561.283 0.160 0.164
138. 8KB 8 256 261.830552 35,096.014 10,762.397 7,560.718 0.164 0.166
139. 16KB 2 256 263.336302 35,170.013 10,771.979 7,573.313 0.168 0.152
140. 8KB 16 256 266.613803 35,175.517 10,771.590 7,572.273 0.161 0.160
141. 8KB 2 128 285.944933 35,098.013 10,763.163 7,561.529 0.154 0.267
142. 8KB 4 256 293.422632 35,089.690 10,760.630 7,559.595 0.172 0.174
143. 8KB 2 256 410.384929 35,093.342 10,761.805 7,560.638 0.176 0.185