Rank LLsize LLassoc LLline_size (DLmr+DLmw) Ir Dr Dw D1mr D1mw
1. 64MB 64 256 0.087681 35,095.675 10,762.338 7,560.781 33.379 1.934
2. 64MB 8 256 0.087682 35,094.296 10,762.313 7,560.551 33.361 1.936
3. 32MB 32 256 0.087684 35,089.582 10,760.500 7,559.541 33.343 1.935
4. 64MB 4 256 0.087684 35,087.348 10,759.843 7,559.158 33.343 1.934
5. 64MB 32 256 0.087684 35,207.376 10,777.176 7,578.467 33.566 1.976
6. 32MB 64 256 0.087685 35,097.306 10,762.727 7,560.869 33.393 1.932
7. 32MB 16 256 0.087692 35,094.684 10,762.006 7,560.511 33.358 1.934
8. 32MB 8 256 0.087697 35,088.403 10,760.079 7,559.176 33.346 1.934
9. 64MB 16 256 0.087714 35,119.886 10,763.950 7,562.672 33.926 2.152
10. 32MB 4 256 0.087768 35,091.895 10,761.223 7,559.932 33.361 1.935
11. 64MB 2 256 0.088308 35,087.985 10,759.998 7,559.122 33.345 1.934
12. 32MB 2 256 0.088417 35,084.496 10,758.933 7,558.419 33.332 1.937
13. 16MB 64 256 0.089628 35,087.011 10,759.880 7,559.190 33.342 1.932
14. 16MB 32 256 0.090072 35,095.447 10,762.207 7,560.654 33.354 1.938
15. 16MB 8 256 0.090658 35,093.761 10,762.189 7,560.596 33.361 1.933
16. 16MB 16 256 0.090784 35,096.289 10,762.478 7,560.817 33.387 1.939
17. 16MB 4 256 0.092312 35,091.587 10,761.023 7,559.850 33.362 1.936
18. 16MB 2 256 0.095412 35,148.065 10,769.015 7,568.744 33.428 1.948
19. 8MB 8 256 0.14904 35,097.470 10,762.864 7,561.110 33.363 1.939
20. 8MB 16 256 0.149068 34,884.817 10,658.049 7,521.725 33.848 2.372
21. 8MB 32 256 0.151585 35,087.926 10,760.050 7,559.180 33.343 1.934
22. 8MB 64 256 0.151867 35,091.763 10,761.195 7,559.935 33.384 1.936
23. 8MB 4 256 0.165307 35,100.159 10,763.524 7,561.513 33.428 1.938
24. 64MB 4 128 0.17348 35,090.129 10,760.595 7,559.573 33.393 1.937
25. 32MB 32 128 0.173483 35,087.006 10,759.729 7,559.006 33.359 1.940
26. 32MB 64 128 0.173484 35,088.996 10,760.424 7,559.479 33.361 1.928
27. 64MB 8 128 0.173484 35,088.512 10,760.169 7,559.217 33.392 1.933
28. 64MB 16 128 0.173484 35,091.058 10,761.018 7,559.840 33.396 1.935
29. 64MB 32 128 0.173484 35,093.604 10,761.773 7,560.490 33.404 1.935
30. 32MB 16 128 0.173488 35,089.187 10,760.525 7,559.599 33.395 1.932
31. 32MB 8 128 0.173498 35,099.054 10,763.394 7,561.488 33.393 1.931
32. 64MB 64 128 0.173568 35,180.978 10,770.490 7,572.229 33.390 1.945
33. 32MB 4 128 0.173577 35,095.032 10,762.076 7,560.528 33.418 1.937
34. 64MB 2 128 0.174342 35,094.664 10,762.027 7,560.601 33.421 1.937
35. 32MB 2 128 0.174471 35,092.077 10,761.161 7,559.906 33.415 1.939
36. 16MB 64 128 0.176018 35,086.865 10,759.774 7,559.047 33.352 1.934
37. 16MB 32 128 0.176776 35,090.864 10,760.903 7,559.840 33.349 1.938
38. 16MB 8 128 0.177947 35,093.754 10,761.692 7,560.371 33.369 1.941
39. 16MB 16 128 0.177967 35,089.078 10,760.307 7,559.408 33.339 1.937
40. 16MB 4 128 0.180088 35,095.311 10,762.242 7,560.650 33.360 1.940
41. 16MB 2 128 0.186416 35,085.811 10,759.471 7,558.706 33.409 1.935
42. 8MB 2 256 0.236303 35,090.314 10,760.653 7,559.624 33.406 1.942
43. 8MB 16 128 0.2867 34,928.302 10,664.130 7,528.652 33.324 1.983
44. 8MB 8 128 0.287049 35,089.505 10,760.574 7,559.557 33.346 1.935
45. 8MB 32 128 0.294843 35,087.094 10,759.702 7,558.882 33.398 1.933
46. 8MB 64 128 0.297478 35,095.994 10,762.462 7,560.877 33.341 1.933
47. 8MB 4 128 0.316902 35,096.518 10,762.548 7,560.874 33.417 1.933
48. 32MB 64 64 0.343345 35,089.609 10,760.604 7,559.607 33.336 1.930
49. 64MB 32 64 0.343345 35,091.170 10,760.936 7,559.757 33.353 1.937
50. 64MB 64 64 0.343345 35,097.857 10,762.967 7,561.190 33.345 1.931
51. 32MB 32 64 0.343346 35,091.184 10,761.036 7,559.964 33.416 1.933
52. 64MB 4 64 0.343346 35,092.285 10,761.364 7,560.108 33.420 1.941
53. 64MB 8 64 0.343346 35,083.575 10,758.771 7,558.375 33.414 1.938
54. 64MB 16 64 0.343351 34,857.075 10,653.755 7,518.244 33.246 1.985
55. 32MB 16 64 0.343358 34,862.131 10,655.336 7,519.202 33.279 1.975
56. 32MB 8 64 0.343359 35,093.752 10,761.699 7,560.393 33.369 1.935
57. 32MB 4 64 0.343449 35,090.234 10,760.800 7,559.717 33.344 1.932
58. 64MB 2 64 0.344574 35,090.453 10,760.782 7,559.804 33.370 1.934
59. 32MB 2 64 0.344703 35,091.802 10,761.153 7,559.921 33.423 1.935
60. 16MB 64 64 0.346783 35,091.957 10,761.087 7,559.858 33.368 1.938
61. 16MB 32 64 0.348041 35,092.389 10,761.310 7,560.028 33.345 1.935
62. 16MB 16 64 0.350056 34,860.356 10,654.594 7,518.709 33.221 1.980
63. 16MB 8 64 0.350438 35,094.422 10,761.821 7,560.289 33.394 1.934
64. 16MB 4 64 0.353262 35,085.245 10,759.271 7,558.693 33.402 1.938
65. 16MB 2 64 0.364339 35,093.786 10,761.731 7,560.337 33.375 1.935
66. 8MB 2 128 0.458754 35,091.845 10,761.131 7,559.878 33.392 1.935
67. 32MB 4 32 0.541751 35,182.692 10,772.571 7,573.555 33.376 1.928
68. 32MB 16 32 0.542246 35,089.277 10,760.429 7,559.453 33.337 1.931
69. 64MB 64 32 0.542247 35,078.663 10,757.353 7,557.382 33.351 1.936
70. 64MB 4 32 0.542257 35,090.787 10,760.950 7,559.836 33.391 1.934
71. 32MB 8 32 0.542259 35,100.191 10,763.528 7,561.511 33.384 1.940
72. 32MB 32 32 0.54226 35,085.568 10,759.267 7,558.610 33.334 1.934
73. 32MB 64 32 0.54226 35,092.960 10,761.462 7,560.129 33.417 1.936
74. 64MB 16 32 0.54226 35,091.531 10,761.072 7,559.872 33.421 1.941
75. 64MB 8 32 0.54227 35,099.979 10,763.535 7,561.594 33.373 1.933
76. 64MB 32 32 0.542278 35,088.979 10,760.283 7,559.348 33.384 1.937
77. 16MB 64 32 0.543065 35,094.725 10,762.114 7,560.626 33.394 1.937
78. 64MB 2 32 0.543077 35,094.129 10,761.824 7,560.348 33.371 1.938
79. 16MB 32 32 0.543145 35,097.779 10,762.946 7,561.113 33.402 1.936
80. 32MB 2 32 0.543154 35,090.777 10,760.777 7,559.642 33.416 1.939
81. 16MB 16 32 0.543251 35,097.938 10,762.965 7,561.150 33.351 1.937
82. 16MB 8 32 0.5439 35,099.636 10,763.492 7,561.557 33.405 1.937
83. 16MB 4 32 0.549088 35,094.310 10,761.769 7,560.341 33.357 1.937
84. 8MB 8 64 0.557565 34,858.385 10,654.095 7,518.421 33.189 1.971
85. 16MB 2 32 0.559829 35,094.368 10,761.973 7,560.525 33.380 1.941
86. 8MB 16 64 0.560049 34,854.778 10,653.502 7,517.914 33.228 1.986
87. 8MB 32 64 0.576168 34,862.097 10,655.092 7,519.104 33.204 1.973
88. 8MB 64 64 0.585012 34,866.103 10,656.261 7,519.838 33.209 1.974
89. 8MB 4 64 0.617748 34,864.075 10,655.778 7,519.565 33.232 1.985
90. 4MB 2 256 0.669757 35,093.544 10,761.373 7,560.082 33.402 1.939
91. 4MB 4 256 0.680456 35,094.192 10,761.925 7,560.448 33.396 1.932
92. 4MB 8 256 0.758581 35,097.759 10,762.964 7,561.173 33.395 1.934
93. 8MB 16 32 0.774967 34,856.537 10,653.554 7,518.036 33.217 1.979
94. 8MB 32 32 0.784892 35,087.809 10,760.076 7,559.190 33.366 1.930
95. 8MB 8 32 0.787417 35,087.693 10,759.934 7,559.103 33.350 1.937
96. 8MB 64 32 0.798097 35,083.101 10,758.597 7,558.257 33.330 1.934
97. 4MB 16 256 0.801888 35,110.957 10,766.305 7,563.764 33.373 1.944
98. 4MB 32 256 0.849839 35,094.911 10,762.162 7,560.713 33.374 1.936
99. 8MB 4 32 0.852674 35,089.434 10,760.498 7,559.574 33.453 1.943
100. 4MB 64 256 0.872435 35,091.590 10,761.150 7,559.915 33.357 1.934
101. 8MB 2 64 0.901011 34,865.659 10,656.111 7,519.792 33.244 1.984
102. 8MB 2 32 1.076205 35,133.219 10,767.483 7,564.942 33.696 1.995
103. 2MB 64 256 1.160422 35,206.876 10,776.867 7,578.347 33.603 1.987
104. 2MB 4 256 1.161795 35,093.327 10,761.697 7,560.249 33.385 1.931
105. 2MB 16 256 1.162799 35,091.061 10,760.961 7,559.736 33.425 1.940
106. 2MB 8 256 1.163219 35,093.059 10,761.669 7,560.399 33.371 1.933
107. 2MB 32 256 1.164207 35,094.759 10,762.021 7,560.485 33.386 1.936
108. 2MB 2 256 1.197127 35,097.746 10,762.846 7,561.031 33.400 1.938
109. 4MB 2 128 1.258287 35,194.682 10,772.163 7,573.166 33.397 1.976
110. 4MB 4 128 1.293007 35,095.883 10,762.417 7,560.783 33.399 1.930
111. 4MB 8 128 1.417226 35,095.884 10,762.379 7,560.790 33.420 1.941
112. 4MB 16 128 1.472204 35,097.103 10,762.809 7,561.177 33.378 1.938
113. 4MB 32 128 1.537018 35,201.020 10,775.365 7,577.246 33.543 1.973
114. 4MB 64 128 1.56265 35,087.276 10,759.752 7,558.948 33.352 1.937
115. 2MB 4 128 2.221117 35,090.596 10,760.868 7,559.764 33.416 1.939
116. 2MB 8 128 2.23237 35,091.117 10,761.073 7,560.002 33.368 1.935
117. 2MB 16 128 2.23892 35,088.468 10,760.173 7,559.255 33.405 1.933
118. 2MB 2 128 2.242044 35,188.374 10,773.793 7,574.307 33.496 1.975
119. 2MB 64 128 2.244241 35,087.411 10,759.972 7,559.273 33.373 1.940
120. 2MB 32 128 2.246243 35,095.049 10,762.148 7,560.593 33.397 1.935
121. 4MB 64 32 2.279037 35,086.391 10,759.635 7,558.896 33.334 1.930
122. 4MB 32 32 2.293293 35,088.247 10,760.261 7,559.397 33.381 1.930
123. 4MB 16 32 2.296661 35,088.519 10,760.324 7,559.384 33.395 1.933
124. 4MB 4 32 2.304965 35,096.453 10,762.477 7,560.915 33.354 1.937
125. 4MB 8 32 2.305728 35,086.391 10,759.681 7,559.043 33.393 1.931
126. 4MB 2 32 2.333481 35,177.655 10,772.287 7,572.893 33.464 1.998
127. 4MB 2 64 2.383381 35,102.252 10,764.293 7,562.135 33.392 1.933
128. 4MB 4 64 2.501663 35,084.850 10,759.227 7,558.700 33.377 1.931
129. 4MB 32 64 2.681709 35,088.697 10,760.304 7,559.372 33.351 1.930
130. 4MB 64 64 2.687716 35,097.303 10,762.745 7,560.992 33.420 1.937
131. 4MB 8 64 2.69019 35,085.858 10,759.435 7,558.711 33.405 1.938
132. 4MB 16 64 2.709465 34,864.758 10,655.884 7,519.577 33.221 1.979
133. 2MB 2 32 3.949754 35,093.194 10,761.530 7,560.146 33.358 1.935
134. 2MB 4 32 4.000041 35,088.041 10,760.155 7,559.295 33.374 1.932
135. 2MB 8 32 4.091246 35,098.913 10,763.401 7,561.644 33.418 1.940
136. 2MB 16 32 4.097863 35,091.454 10,761.083 7,559.862 33.427 1.942
137. 2MB 32 32 4.158357 35,089.220 10,760.370 7,559.443 33.421 1.940
138. 2MB 64 32 4.161811 35,093.594 10,761.639 7,560.259 33.418 1.937
139. 2MB 2 64 4.216238 35,088.679 10,760.232 7,559.321 33.365 1.935
140. 2MB 4 64 4.222457 35,134.622 10,767.976 7,566.944 33.317 1.911
141. 2MB 8 64 4.245456 35,092.880 10,761.639 7,560.446 33.404 1.936
142. 2MB 64 64 4.274935 35,095.619 10,762.453 7,560.973 33.430 1.938
143. 2MB 16 64 4.280158 34,868.351 10,656.919 7,520.254 33.272 1.979
144. 2MB 32 64 4.285439 35,093.641 10,761.831 7,560.578 33.422 1.936